structure(c(-0.87, -10.74, -3.27, -1.97, 7.5, -7.25, 17.05, 4.96, 
10.4, 11.05, 0.26, 2.51, 1, 1, 1, 1, 1, 1, 1, 1, 1, 1, 1, 1, 
0, 0, 0, 0, 0, 0, 1, 1, 1, 1, 1, 1, 23, 22, 22, 25, 27, 20, 31, 
23, 27, 28, 22, 24, 0, 0, 0, 0, 0, 0, 31, 23, 27, 28, 22, 24), .Dim = c(12L, 
5L), .Dimnames = list(NULL, c("uptake", "intercept", "aerobic", 
"age", "aerobic.age")))
